[Settings]
zoom = 0.3
gamma = 0.9067980586607057, 0.07572101371684392, 0.10583568059763782, 0.8397306730515466, 0.9701712910287423
color1 = (116, 200, 223)
color2 = (164, 5, 130)
cycle = False, False, False
timer = 10
vertex_offset = 0.000200

