[Settings]
zoom = 0.3
gamma = 0.42180715857536466, 0.03663149192679527, 0.2306505047312254, 0.652407793500022, 0.0733046817950943
color1 = (245, 83, 136)
color2 = (37, 85, 119)
cycle = False, False, False
timer = 10
vertex_offset = 0.000090

