[Settings]
size = 15
scale = 30
gamma = 0.1799655085876678, 0.4760528695649171, 0.5939856770029013, 0.7431454358465404, 0.6074435731031745
color1 = (176, 8, 184)
color2 = (17, 56, 174)
cycle = False, False, False
timer = 10
vertex_offset = 0.000090

