[Settings]
zoom = 0.3
gamma = 0.3732685105341754, 0.6092932301615168, 0.6492449851742595, 0.6303647778529219, 0.045641148726542125
color1 = (37, 163, 72)
color2 = (55, 63, 197)
cycle = False, False, False
timer = 10
vertex_offset = 0.000090

