[Settings]
size = 15
scale = 30
gamma = 0.5319370422325853, 0.4870438517241604, 0.41933986156629155, 0.6689373658658482, 0.22727004673617313
color1 = (13, 52, 180)
color2 = (226, 106, 251)
cycle = False, False, False
timer = 10
vertex_offset = 0.000090

