[Settings]
size = 15
scale = 30
gamma = 0.1803080593933104, 0.0115995919254267, 0.723113786923972, 0.02622212829317716, 0.9817696464522694
color1 = (74, 7, 151)
color2 = (206, 236, 37)
cycle = False, False, False
timer = 10
vertex_offset = 0.000090

