[Settings]
size = 15
scale = 30
gamma = 0.7812962767074849, 0.7579608892589232, 0.006870532865714818, 0.7808865091570419, 0.3703843183142589
color1 = (72, 96, 233)
color2 = (126, 67, 99)
cycle = False, False, False
timer = 10
vertex_offset = 0.000090

