[Settings]
size = 15
scale = 30
gamma = 0.4307355242418769, 0.8761621169946917, 0.0997001281994776, 0.6866319832277931, 0.6052037392702518
color1 = (48, 5, 121)
color2 = (173, 73, 18)
cycle = False, False, False
timer = 10
vertex_offset = 0.000090

