[Settings]
zoom = 0.3
gamma = 0.3235240471985763, 0.7767858522759604, 0.043029549773122344, 0.006045954623208227, 0.12263490433902635
color1 = (125, 194, 189)
color2 = (66, 5, 19)
cycle = False, False, False
timer = 10
vertex_offset = 0.000090

