[Settings]
size = 15
scale = 65
gamma = 0.42608141234483643, 0.2220884075324061, 0.169320593892328, 0.5639412346946124, 0.06921351430178846
color1 = (208, 184, 13)
color2 = (18, 103, 241)
cycle = False, False, False
timer = 15

